Sample	uniquely_mapped_percent	num_splices	num_GCAG_splices	insertion_length	deletion_length	unmapped_tooshort_percent	avg_mapped_read_length	deletion_rate	mismatch_rate	avg_input_read_length	num_ATAC_splices	num_annotated_splices	num_GTAG_splices	uniquely_mapped	multimapped_toomany	unmapped_mismatches	unmapped_mismatches_percent	total_reads	unmapped_other	insertion_rate	unmapped_other_percent	multimapped_percent	multimapped	num_noncanonical_splices	unmapped_tooshort	multimapped_toomany_percent
SRR1177963	85.52	8505570.0	25506.0	1.48	1.8	10.51	199.23	0.01	0.96	202.0	2228.0	0.0	8473880.0	15306454.0	16188.0	0	0.0	17897455.0	16102	0.01	0.09	3.79	678327.0	3956.0	1880384	0.09
SRR1177964	85.95	9541772.0	24369.0	1.45	1.82	10.1	199.42	0.01	0.88	202.0	2325.0	0.0	9510970.0	16624611.0	20020.0	0	0.0	19342910.0	13532	0.01	0.07	3.79	732335.0	4108.0	1952412	0.1
SRR1177965	85.71	8110301.0	17590.0	1.48	1.84	10.09	199.37	0.01	0.9	202.0	2015.0	0.0	8086835.0	14442613.0	16973.0	0	0.0	16849678.0	20216	0.01	0.12	3.98	670074.0	3861.0	1699802	0.1
SRR1177997	89.86	10860995.0	28522.0	1.49	1.83	5.98	199.33	0.01	0.82	202.0	1702.0	0.0	10826302.0	17745205.0	17287.0	0	0.0	19746775.0	19729	0.01	0.1	3.97	784763.0	4469.0	1179791	0.09
SRR1177999	89.35	11990277.0	24214.0	1.5	1.85	6.35	199.21	0.01	0.8	202.0	2313.0	0.0	11958995.0	19512882.0	27503.0	0	0.0	21838440.0	28367	0.01	0.13	4.05	884088.0	4755.0	1385600	0.13
SRR1178002	89.71	10440572.0	25141.0	1.47	1.84	6.02	199.3	0.01	0.72	202.0	2120.0	0.0	10409234.0	16905566.0	17867.0	0	0.0	18844950.0	26412	0.01	0.14	4.03	759404.0	4077.0	1135701	0.09
SRR1178014	83.57	2971729.0	10725.0	1.29	1.46	9.16	98.61	0.0	0.45	100.0	998.0	0.0	2960006.0	14645914.0	41502.0	0	0.0	17524782.0	36827	0.0	0.21	6.81	1194171.0	0.0	1606368	0.24
SRR1178021	82.68	7626439.0	22417.0	1.52	1.87	11.13	195.81	0.01	1.27	200.0	2358.0	0.0	7597413.0	14467021.0	30913.0	0	0.0	17497925.0	10498	0.01	0.06	5.96	1042096.0	4251.0	1947397	0.18
SRR1178047	84.52	7901546.0	27938.0	1.52	1.86	9.09	196.51	0.01	1.0	200.0	2909.0	0.0	7865990.0	14447020.0	42556.0	0	0.0	17093302.0	10254	0.01	0.06	6.08	1039926.0	4709.0	1553546	0.25
